nearest neighbours
[[['COMM' 2019 2 2 'SAT' 93783.368 93785.976 93783.048 2019 2 2 'SAT'
   'KWH' 2019 2 1 'FRI' 'KWH' 'KWH' 1 1 2019 2 3 'SUN' 'KWH' 1 93833.736
   0 1 0 0 '15/16SD' 1 36 0]
  ['COMM' 2019 2 2 'SAT' 36100.832 36105.832 36100.74 2019 2 2 'SAT'
   'KWH' 2019 2 1 'FRI' 'KWH' 'KWH' 1 1 2019 2 3 'SUN' 'KWH' 1 36134.768
   0 1 0 0 '15/16SD' 1 6 0]
  ['COMM' 2019 2 2 'SAT' 34269.636 34275.252 34269.388 2019 2 2 'SAT'
   'KWH' 2019 2 1 'FRI' 'KWH' 'KWH' 1 1 2019 2 3 'SUN' 'KWH' 1 34295.896
   0 1 0 0 '15/16SD' 1 56 0]
  ['COMM' 2019 2 2 'SAT' 27963.936 27965.652 27963.908 2019 2 2 'SAT'
   'KWH' 2019 2 1 'FRI' 'KWH' 'KWH' 1 1 2019 2 3 'SUN' 'KWH' 1 27982.524
   0 1 0 0 '15/16SD' 1 35 0]
  ['COMM' 2019 2 2 'SAT' 50691.656 50697.532 50691.368 2019 2 2 'SAT'
   'KWH' 2019 2 1 'FRI' 'KWH' 'KWH' 1 1 2019 2 3 'SUN' 'KWH' 1
   50733.70400000001 0 1 0 0 '15/16SD' 3 36 0]]

 [['COMM' 2019 7 5 'FRI' 3624.122 3625.493 3624.048 2019 7 5 'FRI' 'KWH'
   2019 7 5 'FRI' 'KWH' 'KWH' 1 1 2019 7 6 'SAT' 'KWH' 1 3630.264 0 1 0
   0 '8/9SD' 11 13 0]
  ['COMM' 2019 7 5 'FRI' 4112.621 4112.635 4112.62 2019 7 5 'FRI' 'KWH'
   2019 7 5 'FRI' 'KWH' 'KWH' 1 1 2019 7 6 'SAT' 'KWH' 1 4112.702 0 1 0
   0 '8/9SD' 11 29 0]
  ['COMM' 2019 7 5 'FRI' 1804.144 1804.33 1804.143 2019 7 5 'FRI' 'KWH'
   2019 7 5 'FRI' 'KWH' 'KWH' 1 1 2019 7 6 'SAT' 'KWH' 1 1805.092 0 1 0
   0 '8/9SD' 11 53 0]
  ['COMM' 2019 7 5 'FRI' 4234.478 4234.607 4234.477 2019 7 5 'FRI' 'KWH'
   2019 7 5 'FRI' 'KWH' 'KWH' 1 1 2019 7 6 'SAT' 'KWH' 1 4235.198 0 1 0
   0 '8/9SD' 11 17 0]
  ['COMM' 2019 7 5 'FRI' 1334.081 1334.344 1334.06 2019 7 5 'FRI' 'KWH'
   2019 7 5 'FRI' 'KWH' 'KWH' 1 1 2019 7 6 'SAT' 'KWH' 1 1335.559 0 1 0
   0 '8/9SD' 11 9 0]]

 [['COMM' 2019 9 9 'MON' 708919.96 708918.628 708556.5129999998 2019 9 9
   'MON' 'KWH' 2019 9 8 'SUN' 'KWH' 'KWH' 1 1 2019 9 9 'MON' 'KWH' 5
   708983.828 0 0 1 0 '2SED' 8 19 0]
  ['COMM' 2019 9 9 'MON' 794715.9659999999 794714.885 794517.2309999998
   2019 9 9 'MON' 'KWH' 2019 9 8 'SUN' 'KWH' 'KWH' 1 1 2019 9 9 'MON'
   'KWH' 5 794767.433 0 0 1 0 '2SED' 7 6 0]
  ['COMM' 2019 9 9 'MON' 672820.395 672820.3940000001 672702.859 2019 9
   9 'MON' 'KWH' 2019 9 8 'SUN' 'KWH' 'KWH' 1 1 2019 9 9 'MON' 'KWH' 5
   672927.765 0 0 1 0 '2SD' 7 21 0]
  ['COMM' 2019 9 9 'MON' 621203.701 621202.8979999999 621053.051 2019 9
   9 'MON' 'KWH' 2019 9 8 'SUN' 'KWH' 'KWH' 1 1 2019 9 9 'MON' 'KWH' 5
   621235.293 0 0 1 0 '12SD' 7 51 0]
  ['COMM' 2019 9 16 'MON' 709601.003 709600.188 709369.4759999998 2019 9
   16 'MON' 'KWH' 2019 9 15 'SUN' 'KWH' 'KWH' 1 1 2019 9 16 'MON' 'KWH'
   5 709631.277 0 0 1 0 '2SD' 9 19 0]]

 [['COMM' 2019 9 24 'TUE' 16493.837 16494.348 16493.81 2019 9 23 'MON'
   'KWH' 2019 9 23 'MON' 'KWH' 'KWH' 1 1 2019 9 24 'TUE' 'KWH' 1
   16500.821 0 1 0 0 '8/9SD' 1 24 0]
  ['COMM' 2019 9 24 'TUE' 7035.055 7035.127 7035.05 2019 9 23 'MON'
   'KWH' 2019 9 23 'MON' 'KWH' 'KWH' 1 1 2019 9 24 'TUE' 'KWH' 1
   7038.606 0 1 0 0 '8/9SD' 1 24 0]
  ['COMM' 2019 9 24 'TUE' 6011.501 6011.665 6011.474 2019 9 23 'MON'
   'KWH' 2019 9 23 'MON' 'KWH' 'KWH' 1 1 2019 9 24 'TUE' 'KWH' 1
   6014.476 0 1 0 0 '8/9SD' 1 24 0]
  ['COMM' 2019 9 24 'TUE' 4436.564 4436.686 4436.545 2019 9 23 'MON'
   'KWH' 2019 9 23 'MON' 'KWH' 'KWH' 1 1 2019 9 24 'TUE' 'KWH' 1
   4438.239000000001 0 1 0 0 '8/9SD' 1 24 0]
  ['COMM' 2019 9 24 'TUE' 11792.093 11793.212 11792.032 2019 9 23 'MON'
   'KWH' 2019 9 23 'MON' 'KWH' 'KWH' 1 1 2019 9 24 'TUE' 'KWH' 1
   11803.376 0 1 0 0 '8/9SD' 1 23 0]]

 [['COMM' 2019 7 2 'TUE' 310575.808 310594.752 310574.304 2019 7 1 'MON'
   'KWH' 2019 7 1 'MON' 'KWH' 'KWH' 1 1 2019 7 2 'TUE' 'KWH' 1
   310769.536 0 1 0 0 '15/16SD' 12 29 0]
  ['COMM' 2019 7 2 'TUE' 295332.864 295372.544 295330.208 2019 7 1 'MON'
   'KWH' 2019 7 1 'MON' 'KWH' 'KWH' 1 1 2019 7 2 'TUE' 'KWH' 1
   295674.336 0 1 0 0 '15/16SD' 12 28 0]
  ['COMM' 2019 7 2 'TUE' 272722.336 272730.112 272722.304 2019 7 1 'MON'
   'KWH' 2019 7 1 'MON' 'KWH' 'KWH' 1 1 2019 7 2 'TUE' 'KWH' 1
   272832.416 0 1 0 0 '15/16SD' 12 30 0]
  ['COMM' 2019 7 2 'TUE' 271699.712 271725.728 271698.368 2019 7 1 'MON'
   'KWH' 2019 7 1 'MON' 'KWH' 'KWH' 1 1 2019 7 2 'TUE' 'KWH' 1
   271901.728 0 1 0 0 '15/16SD' 12 26 0]
  ['COMM' 2019 7 2 'TUE' 409265.76 409303.36 409263.968 2019 7 1 'MON'
   'KWH' 2019 7 1 'MON' 'KWH' 'KWH' 1 1 2019 7 2 'TUE' 'KWH' 1
   409570.752 0 1 0 0 '15/16SD' 12 22 0]]

 [['COMM' 2019 5 8 'WED' 87746.43199999999 87758.912 87746.43199999999
   2019 5 8 'WED' 'KWH' 2019 5 8 'WED' 'KWH' 'KWH' 1 1 2019 5 9 'THU'
   'KWH' 1 87796.04 0 1 0 0 '15/16SD' 11 45 0]
  ['COMM' 2019 5 8 'WED' 83912.288 83913.12 83912.288 2019 5 8 'WED'
   'KWH' 2019 5 8 'WED' 'KWH' 'KWH' 1 1 2019 5 9 'THU' 'KWH' 1 83924.72
   0 1 0 0 '15/16SD' 11 11 0]
  ['COMM' 2019 5 8 'WED' 80925.536 80932.952 80925.2 2019 5 8 'WED'
   'KWH' 2019 5 8 'WED' 'KWH' 'KWH' 1 1 2019 5 9 'THU' 'KWH' 1 80963.44
   0 1 0 0 '15/16SD' 11 26 0]
  ['COMM' 2019 5 8 'WED' 80857.08 80857.944 80857.072 2019 5 8 'WED'
   'KWH' 2019 5 8 'WED' 'KWH' 'KWH' 1 1 2019 5 9 'THU' 'KWH' 1 80873.984
   0 1 0 0 '15/16SD' 11 5 0]
  ['COMM' 2019 5 8 'WED' 91412.288 91414.744 91412.104 2019 5 8 'WED'
   'KWH' 2019 5 8 'WED' 'KWH' 'KWH' 1 1 2019 5 9 'THU' 'KWH' 1 91480.328
   0 1 0 0 '15/16SD' 11 58 0]]

 [['COMM' 2019 5 13 'MON' 130299.256 130307.648 130298.64 2019 5 13
   'MON' 'KWH' 2019 5 13 'MON' 'KWH' 'KWH' 1 1 2019 5 14 'TUE' 'KWH' 1
   130344.32 0 1 0 0 '15/16SD' 11 57 0]
  ['COMM' 2019 5 13 'MON' 130267.744 130268.576 130267.744 2019 5 13
   'MON' 'KWH' 2019 5 13 'MON' 'KWH' 'KWH' 1 1 2019 5 14 'TUE' 'KWH' 1
   130299.28 0 1 0 0 '15/16SD' 11 6 0]
  ['COMM' 2019 5 13 'MON' 129671.464 129671.976 129671.464 2019 5 13
   'MON' 'KWH' 2019 5 13 'MON' 'KWH' 'KWH' 1 1 2019 5 14 'TUE' 'KWH' 1
   129675.264 0 1 0 0 '15/16SD' 11 29 0]
  ['COMM' 2019 5 13 'MON' 138869.968 138880.096 138869.824 2019 5 13
   'MON' 'KWH' 2019 5 13 'MON' 'KWH' 'KWH' 1 1 2019 5 14 'TUE' 'KWH' 1
   138992.08 0 1 0 0 '15/16SD' 11 54 0]
  ['COMM' 2019 5 13 'MON' 148723.08800000002 148740.384 148722.688 2019
   5 13 'MON' 'KWH' 2019 5 13 'MON' 'KWH' 'KWH' 1 1 2019 5 14 'TUE'
   'KWH' 1 148851.2 0 1 0 0 '15/16SD' 11 50 0]]

 [['COMM' 2019 12 3 'TUE' 35299.988 35300.696 35299.92 2019 12 3 'TUE'
   'KWH' 2019 12 2 'MON' 'KWH' 'KWH' 1 1 2019 12 4 'WED' 'KWH' 1
   35311.624 0 1 0 0 '8/9SD' 4 23 0]
  ['COMM' 2019 12 3 'TUE' 1123.371 1123.397 1123.37 2019 12 3 'TUE'
   'KWH' 2019 12 2 'MON' 'KWH' 'KWH' 1 1 2019 12 4 'WED' 'KWH' 1
   1123.766 0 1 0 0 '8/9SD' 4 19 0]
  ['COMM' 2019 12 3 'TUE' 1783.224 1784.066 1783.1989999999996 2019 12 3
   'TUE' 'KWH' 2019 12 2 'MON' 'KWH' 'KWH' 1 1 2019 12 4 'WED' 'KWH' 1
   1795.811 0 1 0 0 '8/9SD' 4 18 0]
  ['COMM' 2019 12 3 'TUE' 3541.485 3541.527 3541.485 2019 12 3 'TUE'
   'KWH' 2019 12 2 'MON' 'KWH' 'KWH' 1 1 2019 12 4 'WED' 'KWH' 1
   3542.006 0 1 0 0 '8/9SD' 4 0 0]
  ['COMM' 2019 12 3 'TUE' 5427.851 5427.86 5427.85 2019 12 3 'TUE' 'KWH'
   2019 12 2 'MON' 'KWH' 'KWH' 1 1 2019 12 4 'WED' 'KWH' 1
   5428.008000000002 0 1 0 0 '8/9SD' 4 24 0]]

 [['COMM' 2019 5 4 'SAT' 8.0 8.0 8.802999999999997 2019 5 3 'FRI' 'KWH'
   2019 5 3 'FRI' 'KWH' 'KWH' 5 1 2019 5 5 'SUN' 'KWH' 5 8.0 0 1 0 0
   '4SD' 11 0 0]
  ['COMM' 2019 5 4 'SAT' 28.0 28.0 28.599 2019 5 3 'FRI' 'KWH' 2019 5 3
   'FRI' 'KWH' 'KWH' 5 1 2019 5 5 'SUN' 'KWH' 5 28.0 0 1 0 0 '4SD' 11 0
   0]
  ['COMM' 2019 5 4 'SAT' 34.0 34.0 34.503 2019 5 3 'FRI' 'KWH' 2019 5 3
   'FRI' 'KWH' 'KWH' 5 1 2019 5 5 'SUN' 'KWH' 5 34.0 0 1 0 0 '4SD' 11 0
   0]
  ['COMM' 2019 5 4 'SAT' 40.0 40.0 40.72 2019 5 3 'FRI' 'KWH' 2019 5 3
   'FRI' 'KWH' 'KWH' 5 1 2019 5 5 'SUN' 'KWH' 5 40.0 0 1 0 0 '4SD' 11 0
   0]
  ['COMM' 2019 5 4 'SAT' 52.0 52.0 52.33 2019 5 3 'FRI' 'KWH' 2019 5 3
   'FRI' 'KWH' 'KWH' 5 1 2019 5 5 'SUN' 'KWH' 5 52.0 0 1 0 0 '4SD' 11 0
   0]]

 [['COMM' 2019 5 29 'WED' 429887.447 429764.818 429762.099 2019 5 29
   'WED' 'KWH' 2019 5 29 'WED' 'KWH' 'KWH' 1 1 2019 5 30 'THU' 'KWH' 1
   430078.551 0 0 1 0 '2SD' 11 0 0]
  ['RES' 2019 5 29 'WED' 3650.0 3650.236 3650.0 2019 5 29 'WED' 'KWH'
   2019 5 29 'WED' 'KWH' 'KWH' 1 1 2019 5 30 'THU' 'KWH' 1 3650.0 0 1 0
   0 '2SD' 11 0 0]
  ['RES' 2019 5 29 'WED' 1501.0 1501.043 1501.0 2019 5 29 'WED' 'KWH'
   2019 5 29 'WED' 'KWH' 'KWH' 1 1 2019 5 30 'THU' 'KWH' 1 1501.0 0 1 0
   0 '2SD' 11 0 0]
  ['RES' 2019 5 15 'WED' 125278.15 125254.131 125252.358 2019 5 15 'WED'
   'KWH' 2019 5 15 'WED' 'KWH' 'KWH' 1 1 2019 5 16 'THU' 'KWH' 1
   125371.591 0 0 1 0 '2SD' 11 0 0]
  ['COMM' 2019 5 1 'WED' 198362.539 198344.676 198343.206 2019 5 1 'WED'
   'KWH' 2019 5 1 'WED' 'KWH' 'KWH' 1 1 2019 5 2 'THU' 'KWH' 1
   198471.173 0 0 1 0 '2SD' 11 0 0]]]
Query points numpy for comparison
[['COMM' 2019 2 2 'SAT' 35882.824 35883.112 35882.82 2019 2 2 'SAT' 'KWH'
  2019 2 1 'FRI' 'KWH' 'KWH' 1 1 2019 2 3 'SUN' 'KWH' 1 35884.804 0 1 0 0
  '15/16SD' 1 36 0]
 ['COMM' 2019 7 5 'FRI' 3009.702 3010.246 3009.628 2019 7 5 'FRI' 'KWH'
  2019 7 5 'FRI' 'KWH' 'KWH' 1 1 2019 7 6 'SAT' 'KWH' 1 3011.431 0 1 0 0
  '8/9SD' 11 11 0]
 ['COMM' 2019 9 9 'MON' 810705.6340000002 810705.1009999998 810509.005
  2019 9 9 'MON' 'KWH' 2019 9 8 'SUN' 'KWH' 'KWH' 1 1 2019 9 9 'MON'
  'KWH' 5 810741.14 0 0 1 0 '2SD' 8 18 0]
 ['COMM' 2019 9 24 'TUE' 12010.688999999997 12011.14 12010.661 2019 9 23
  'MON' 'KWH' 2019 9 23 'MON' 'KWH' 'KWH' 1 1 2019 9 24 'TUE' 'KWH' 1
  12015.404 0 1 0 0 '8/9SD' 1 24 0]
 ['COMM' 2019 7 2 'TUE' 325470.944 325489.312 325470.304 2019 7 1 'MON'
  'KWH' 2019 7 1 'MON' 'KWH' 'KWH' 1 1 2019 7 2 'TUE' 'KWH' 1 325599.168
  0 1 0 0 '15/16SD' 12 21 0]
 ['COMM' 2019 5 8 'WED' 86035.15199999999 86036.168 86035.112 2019 5 8
  'WED' 'KWH' 2019 5 8 'WED' 'KWH' 'KWH' 1 1 2019 5 9 'THU' 'KWH' 1
  86043.104 0 1 0 0 '15/16SD' 11 49 0]
 ['COMM' 2019 5 13 'MON' 131818.392 131818.64 131818.392 2019 5 13 'MON'
  'KWH' 2019 5 13 'MON' 'KWH' 'KWH' 1 1 2019 5 14 'TUE' 'KWH' 1
  131819.984 0 1 0 0 '15/16SD' 11 45 0]
 ['COMM' 2019 12 3 'TUE' 1326.756 1326.787 1326.753 2019 12 3 'TUE' 'KWH'
  2019 12 2 'MON' 'KWH' 'KWH' 1 1 2019 12 4 'WED' 'KWH' 1 1327.499 0 1 0
  0 '8/9SD' 4 23 0]
 ['COMM' 2019 5 4 'SAT' 0.0 0.0 0.008 2019 5 3 'FRI' 'KWH' 2019 5 3 'FRI'
  'KWH' 'KWH' 5 1 2019 5 5 'SUN' 'KWH' 5 0.0 0 1 0 0 '4SD' 11 0 0]
 ['RES' 2019 5 29 'WED' 219910.0 219827.04 219825.0 2019 5 29 'WED' 'KWH'
  2019 5 29 'WED' 'KWH' 'KWH' 1 1 2019 5 30 'THU' 'KWH' 1 220051.0 0 0 1
  0 '2SD' 11 0 0]]
Sample data neighbour distances
[[7.04521456e-01 1.41421627e+00 1.41434848e+00 1.41748708e+00
  1.42565938e+00]
 [1.41423340e+00 1.41427715e+00 1.41428964e+00 1.41429200e+00
  1.41436048e+00]
 [2.35249993e+00 2.45719770e+00 2.60999812e+00 3.36361190e+00
  3.67601336e+00]
 [5.45451539e-02 6.05337973e-02 7.29870029e-02 9.21503875e-02
  1.41421602e+00]
 [1.42574936e+00 1.46078663e+00 1.55302286e+00 1.55806469e+00
  1.74365801e+00]
 [1.41436920e+00 1.41444909e+00 1.41557410e+00 1.41561455e+00
  1.41573435e+00]
 [1.41433229e+00 1.41433813e+00 1.41445457e+00 1.41683731e+00
  1.42915092e+00]
 [4.13323473e-01 1.41421573e+00 1.41422462e+00 1.41447017e+00
  1.41509323e+00]
 [9.97975294e-05 3.42413421e-04 4.15109629e-04 4.88758652e-04
  6.33555771e-04]
 [2.91967557e+00 2.98678063e+00 3.00983317e+00 3.05365233e+00
  3.17309882e+00]]
