Query 1
[['COMM' 2019 4 15 'MON' 7.646 6771.257 6765.689 2019 4 15 'MON' 'KWH'
  2019 4 14 'SUN' 'KWH' 'KWH' 1 1 2019 4 15 'MON' 'KWH' 5 6771.262 0 1 0
  0 '8/9SDN' 6 21 30]

Neighbours 1
['RES' 2019 4 15 'MON' 73627.207 73627.02799999999 73599.246 2019 4 15
   'MON' 'KWH' 2019 4 14 'SUN' 'KWH' 'KWH' 1 1 2019 4 15 'MON' 'KWH' 5
   73643.052 0 0 1 0 '2SD' 7 32 0]
  ['COMM' 2019 4 15 'MON' 6771.262 6771.257 6765.689 2019 4 15 'MON'
   'KWH' 2019 4 14 'SUN' 'KWH' 'KWH' 1 1 2019 4 16 'TUE' 'KWH' 1
   6775.8290000000015 0 0 1 0 '8/9SDN' 11 0 0]
  ['COMM' 2019 4 15 'MON' 152076.256 152076.096 152061.52 2019 4 15
   'MON' 'KWH' 2019 4 14 'SUN' 'KWH' 'KWH' 1 1 2019 4 15 'MON' 'KWH' 1
   152084.22400000002 0 0 1 0 '15/16SD' 4 5 0]
  ['COMM' 2019 4 15 'MON' 7784.814 7785.1309999999985 7784.807 2019 4 15
   'MON' 'KWH' 2019 4 15 'MON' 'KWH' 'KWH' 1 1 2019 4 16 'TUE' 'KWH' 1
   7787.435 0 1 0 0 '8/9SD' 11 21 0]
  ['COMM' 2019 4 15 'MON' 18525.215 18524.95 18524.95 2019 4 15 'MON'
   'KWH' 2019 4 15 'MON' 'KWH' 'KWH' 1 1 2019 4 15 'MON' 'KWH' 1
   18528.792 0 0 1 0 '2SD' 7 22 0]]


 Query 2
 ['COMM' 2019 5 15 'WED' 8334.394 8335.163 8334.369 2019 5 15 'WED' 'KWH'
  2019 5 15 'WED' 'KWH' 'KWH' 1 1 2019 5 16 'THU' 'KWH' 1 8339.538 0 1 0
  0 '8/9SD' 11 36 0]

Neighbours 2
[['COMM' 2019 5 15 'WED' 7854.727 7855.076999999998 7854.718000000002
  2019 5 15 'WED' 'KWH' 2019 5 15 'WED' 'KWH' 'KWH' 1 1 2019 5 16 'THU'
  'KWH' 1 7858.199 0 1 0 0 '8/9SD' 11 21 0]
 ['COMM' 2019 5 15 'WED' 9324.243 9324.927 9324.199 2019 5 15 'WED'
  'KWH' 2019 5 15 'WED' 'KWH' 'KWH' 1 1 2019 5 16 'THU' 'KWH' 1
  9331.774 0 1 0 0 '8/9SD' 11 11 0]
 ['COMM' 2019 5 15 'WED' 9468.043 9468.362 9468.029 2019 5 15 'WED'
  'KWH' 2019 5 15 'WED' 'KWH' 'KWH' 1 1 2019 5 16 'THU' 'KWH' 1
  9472.489 0 1 0 0 '8/9SD' 11 39 0]
 ['COMM' 2019 5 15 'WED' 6210.208000000001 6210.361999999999 6210.205
  2019 5 15 'WED' 'KWH' 2019 5 15 'WED' 'KWH' 'KWH' 1 1 2019 5 16 'THU'
  'KWH' 1 6212.755 0 1 0 0 '8/9SD' 11 39 0]
 ['COMM' 2019 5 15 'WED' 5912.674 5912.865 5912.6709999999985 2019 5 15
  'WED' 'KWH' 2019 5 15 'WED' 'KWH' 'KWH' 1 1 2019 5 16 'THU' 'KWH' 1
  5913.903 0 1 0 0 '8/9SD' 11 35 0]]

  Query 3
 ['COMM' 2019 5 13 'MON' 3777.769 3779.495 3777.769 2019 5 13 'MON' 'KWH'
  2019 5 13 'MON' 'KWH' 'KWH' 1 1 2019 5 14 'TUE' 'KWH' 1 3784.267 0 1 0
  0 '15/16SD' 11 12 0]

Neighbours 3


[['COMM' 2019 5 13 'MON' 4110.401 4112.233 4110.4 2019 5 13 'MON' 'KWH'
  2019 5 13 'MON' 'KWH' 'KWH' 1 1 2019 5 14 'TUE' 'KWH' 1 4117.377 0 1
  0 0 '15/16SD' 11 21 0]
 ['COMM' 2019 5 13 'MON' 3416.329 3417.824 3416.329 2019 5 13 'MON'
  'KWH' 2019 5 13 'MON' 'KWH' 'KWH' 1 1 2019 5 14 'TUE' 'KWH' 1
  3421.887 0 1 0 0 '15/16SD' 11 43 0]
 ['COMM' 2019 5 13 'MON' 4167.107 4169.014 4167.107 2019 5 13 'MON'
  'KWH' 2019 5 13 'MON' 'KWH' 'KWH' 1 1 2019 5 14 'TUE' 'KWH' 1
  4174.237 0 1 0 0 '15/16SD' 11 27 0]
 ['COMM' 2019 5 13 'MON' 4642.978 4645.003 4642.977 2019 5 13 'MON'
  'KWH' 2019 5 13 'MON' 'KWH' 'KWH' 1 1 2019 5 14 'TUE' 'KWH' 1
  4651.056 0 1 0 0 '15/16SD' 11 47 0]
 ['COMM' 2019 5 13 'MON' 2762.804 2764.207000000001 2762.759 2019 5 13
  'MON' 'KWH' 2019 5 13 'MON' 'KWH' 'KWH' 1 1 2019 5 14 'TUE' 'KWH' 1
  2768.369 0 1 0 0 '15/16SD' 11 52 0]]


  Query 4
 ['RES' 2019 7 26 'FRI' 252057.88 251974.84 251973.01 2019 7 25 'THU'
  'KWH' 2019 7 25 'THU' 'KWH' 'KWH' 1 1 2019 7 27 'SAT' 'KWH' 1 252186.61
  0 0 1 0 '2SE' 11 0 0]

Neighbours 4

[['RES' 2019 7 26 'FRI' 257706.59 257538.76 257532.45 2019 7 25 'THU'
  'KWH' 2019 7 25 'THU' 'KWH' 'KWH' 1 1 2019 7 27 'SAT' 'KWH' 1
  257893.1 0 0 1 0 '2SE' 11 0 0]
 ['RES' 2019 7 26 'FRI' 204758.95 204683.14 204679.52 2019 7 25 'THU'
  'KWH' 2019 7 25 'THU' 'KWH' 'KWH' 1 1 2019 7 27 'SAT' 'KWH' 1
  204844.9 0 0 1 0 '2SE' 11 0 0]
 ['RES' 2019 7 26 'FRI' 320545.16 320443.53 320435.9 2019 7 25 'THU'
  'KWH' 2019 7 25 'THU' 'KWH' 'KWH' 1 1 2019 7 27 'SAT' 'KWH' 1
  320704.16 0 0 1 0 '2SE' 11 0 0]
 ['RES' 2019 7 26 'FRI' 328667.82 328586.14 328583.95 2019 7 25 'THU'
  'KWH' 2019 7 25 'THU' 'KWH' 'KWH' 1 1 2019 7 27 'SAT' 'KWH' 1
  328775.26 0 0 1 0 '2SE' 11 0 0]
 ['RES' 2019 7 26 'FRI' 249343.62 249261.96 249261.2 2019 7 25 'THU'
  'KWH' 2019 7 25 'THU' 'KWH' 'KWH' 1 1 2019 7 27 'SAT' 'KWH' 1
  249438.51 0 0 1 0 '2S' 11 0 0]]


Query 5
 ['COMM' 2019 7 10 'WED' 606146.88 606203.456 606146.88 2019 7 10 'WED'
  'KWH' 2019 7 10 'WED' 'KWH' 'KWH' 1 1 2019 7 11 'THU' 'KWH' 1
  606500.672 0 1 0 0 '15/16SD' 11 44 0]

Neighbours 5

[['COMM' 2019 7 10 'WED' 671638.3359999999 671702.656 671638.3359999999
  2019 7 10 'WED' 'KWH' 2019 7 10 'WED' 'KWH' 'KWH' 1 1 2019 7 11 'THU'
  'KWH' 1 671889.088 0 1 0 0 '15/16SD' 11 25 0]
 ['COMM' 2019 7 10 'WED' 489370.464 489411.68 489370.016 2019 7 10
  'WED' 'KWH' 2019 7 10 'WED' 'KWH' 'KWH' 1 1 2019 7 11 'THU' 'KWH' 1
  489648.672 0 1 0 0 '15/16SD' 11 47 0]
 ['COMM' 2019 7 10 'WED' 477877.696 477965.856 477870.4 2019 7 10 'WED'
  'KWH' 2019 7 10 'WED' 'KWH' 'KWH' 1 1 2019 7 11 'THU' 'KWH' 1
  478500.48 0 1 0 0 '15/16SD' 11 24 0]
 ['COMM' 2019 7 10 'WED' 627896.562 627839.993 627839.007 2019 7 10
  'WED' 'KWH' 2019 7 10 'WED' 'KWH' 'KWH' 1 1 2019 7 11 'THU' 'KWH' 1
  627956.2239999999 0 0 1 0 '2SD' 11 0 0]
 ['COMM' 2019 7 10 'WED' 436027.936 436060.8 436027.904 2019 7 10 'WED'
  'KWH' 2019 7 10 'WED' 'KWH' 'KWH' 1 1 2019 7 11 'THU' 'KWH' 1
  436399.744 0 1 0 0 '15/16SD' 11 31 0]]

Query 6
 ['COMM' 2019 1 19 'SAT' 92710.064 92715.216 92710.04 2019 1 19 'SAT'
  'KWH' 2019 1 18 'FRI' 'KWH' 'KWH' 1 1 2019 1 20 'SUN' 'KWH' 1 92749.888
  0 1 0 0 '15/16SD' 2 19 0]

Neighbours 6
[['COMM' 2019 1 19 'SAT' 118105.048 118105.368 118105.04 2019 1 19
  'SAT' 'KWH' 2019 1 18 'FRI' 'KWH' 'KWH' 1 1 2019 1 20 'SUN' 'KWH' 1
  118119.504 0 1 0 0 '15/16SD' 2 19 0]
 ['COMM' 2019 1 19 'SAT' 85356.43199999999 85358.024 85356.39199999999
  2019 1 19 'SAT' 'KWH' 2019 1 18 'FRI' 'KWH' 'KWH' 1 1 2019 1 20 'SUN'
  'KWH' 1 85414.248 0 1 0 0 '15/16SD' 3 19 0]
 ['COMM' 2019 1 19 'SAT' 85016.856 85018.584 85016.84 2019 1 19 'SAT'
  'KWH' 2019 1 18 'FRI' 'KWH' 'KWH' 1 1 2019 1 20 'SUN' 'KWH' 1
  85033.912 0 1 0 0 '15/16SD' 2 9 0]
 ['COMM' 2019 1 19 'SAT' 83082.416 83088.384 83082.0 2019 1 19 'SAT'
  'KWH' 2019 1 18 'FRI' 'KWH' 'KWH' 1 1 2019 1 20 'SUN' 'KWH' 1
  83112.81599999999 0 1 0 0 '15/16SD' 2 28 0]
 ['COMM' 2019 1 19 'SAT' 104702.552 104719.784 104702.552 2019 1 19
  'SAT' 'KWH' 2019 1 18 'FRI' 'KWH' 'KWH' 1 1 2019 1 20 'SUN' 'KWH' 1
  104818.824 0 1 0 0 '15/16SD' 2 6 0]]

Query 7

 ['COMM' 2019 11 26 'TUE' 201.042 201.042 201.042 2019 11 25 'MON'
  'KWH_TOU_RATE_B' 2019 11 24 'SUN' 'KWH_TOU_RATE_B' 'KWH_TOU_RATE_B' 5 5
  2019 11 27 'WED' 'KWH_TOU_RATE_B' 5 201.042 0 0 1 0 '4SDTOU' 12 0 0]

Neighbours 7
[['COMM' 2019 11 26 'TUE' 313.061 313.061 313.061 2019 11 25 'MON'
 'KWH_TOU_RATE_B' 2019 11 24 'SUN' 'KWH_TOU_RATE_B' 'KWH_TOU_RATE_B' 5
 5 2019 11 27 'WED' 'KWH_TOU_RATE_B' 5 313.061 0 0 1 0 '4SDTOU' 12 0 0]
['COMM' 2019 11 26 'TUE' 17428.253 17428.253 17428.253 2019 11 25
 'MON' 'KWH_TOU_RATE_B' 2019 11 24 'SUN' 'KWH_TOU_RATE_B'
 'KWH_TOU_RATE_B' 5 5 2019 11 27 'WED' 'KWH_TOU_RATE_B' 5 17428.253 0
 0 1 0 '2SDTOU1' 12 0 0]
['COMM' 2019 11 26 'TUE' 13913.654 13913.654 13913.654 2019 11 25
 'MON' 'KWH_TOU_RATE_B' 2019 11 22 'FRI' 'KWH_TOU_RATE_B'
 'KWH_TOU_RATE_B' 5 5 2019 11 27 'WED' 'KWH_TOU_RATE_B' 5 13913.654 0
 0 1 0 '2SDTOU1' 12 0 0]
['COMM' 2019 11 12 'TUE' 201.042 201.042 201.042 2019 11 11 'MON'
 'KWH_TOU_RATE_B' 2019 11 10 'SUN' 'KWH_TOU_RATE_B' 'KWH_TOU_RATE_B' 5
 5 2019 11 13 'WED' 'KWH_TOU_RATE_B' 5 201.042 0 0 1 0 '4SDTOU' 12 0 0]
['COMM' 2019 2 26 'TUE' 237.51 237.51 237.51 2019 2 25 'MON'
 'KWH_TOU_RATE_B' 2019 2 24 'SUN' 'KWH_TOU_RATE_B' 'KWH_TOU_RATE_B' 5
 5 2019 2 27 'WED' 'KWH_TOU_RATE_B' 5 237.51 0 0 1 0 '4SDTOU' 12 0 0]]

Query 8
 ['COMM' 2019 1 2 'WED' 17738.0 17738.0 17738.254 2019 1 1 'TUE' 'KWH'
  2018 12 31 'MON' 'KWH' 'KWH' 5 1 2019 1 3 'THU' 'KWH' 1 17738.0 0 1 0 0
  '2SD' 12 0 0]

  Neighbours 8

  [['COMM' 2019 1 2 'WED' 15495.0 15495.0 15495.01 2019 1 1 'TUE' 'KWH'
   2018 12 31 'MON' 'KWH' 'KWH' 5 1 2019 1 3 'THU' 'KWH' 1 15495.0 0 1 0
   0 '2SD' 12 0 0]
  ['COMM' 2019 1 2 'WED' 14303.0 14303.0 14303.876 2019 1 1 'TUE' 'KWH'
   2018 12 31 'MON' 'KWH' 'KWH' 5 1 2019 1 3 'THU' 'KWH' 1 14303.0 0 1 0
   0 '2SD' 12 0 0]
  ['COMM' 2019 1 2 'WED' 12853.0 12853.0 12853.914 2019 1 1 'TUE' 'KWH'
   2018 12 31 'MON' 'KWH' 'KWH' 5 1 2019 1 3 'THU' 'KWH' 1 12853.0 0 1 0
   0 '2SD' 12 0 0]
  ['COMM' 2019 1 2 'WED' 2553.0 2553.0 2553.204 2019 1 1 'TUE' 'KWH'
   2018 12 31 'MON' 'KWH' 'KWH' 5 1 2019 1 3 'THU' 'KWH' 1 2553.0 0 1 0
   0 '2SD' 12 0 0]
  ['COMM' 2019 1 2 'WED' 337.0 337.0 337.7680000000001 2019 1 1 'TUE'
   'KWH' 2018 12 31 'MON' 'KWH' 'KWH' 5 1 2019 1 3 'THU' 'KWH' 1 337.0 0
   1 0 0 '2SD' 12 0 0]]


  Query 9
 ['COMM' 2020 2 4 'TUE' 7187.0819999999985 7187.16 7186.44 2020 2 4 'TUE'
  'KWH' 2020 2 3 'MON' 'KWH' 'KWH' 1 1 2020 2 5 'WED' 'KWH' 1 7187.891 0
  1 0 0 '8/9SD' 3 37 0]

Neighbours 9

[['COMM' 2020 2 4 'TUE' 9357.897 9358.037 9354.298 2020 2 4 'TUE' 'KWH'
 2020 2 3 'MON' 'KWH' 'KWH' 1 1 2020 2 5 'WED' 'KWH' 1 9362.3 0 1 0 0
 '8/9SD' 3 37 0]
['COMM' 2020 2 4 'TUE' 2791.421 2791.551 2789.83 2020 2 4 'TUE' 'KWH'
 2020 2 3 'MON' 'KWH' 'KWH' 1 1 2020 2 5 'WED' 'KWH' 1 2792.643 0 1 0
 0 '8/9SD' 3 37 0]
['COMM' 2020 2 4 'TUE' 16242.994 16243.26 16237.56 2020 2 4 'TUE'
 'KWH' 2020 2 3 'MON' 'KWH' 'KWH' 1 1 2020 2 5 'WED' 'KWH' 1 16248.973
 0 1 0 0 '8/9SD' 3 37 0]
['COMM' 2020 2 4 'TUE' 30021.0 30021.344 30017.142000000003 2020 2 4
 'TUE' 'KWH' 2020 2 3 'MON' 'KWH' 'KWH' 1 1 2020 2 5 'WED' 'KWH' 1
 30025.874 0 1 0 0 '8/9SD' 3 37 0]
['COMM' 2020 2 4 'TUE' 7120.241999999998 7120.335999999998 7118.243
 2020 2 4 'TUE' 'KWH' 2020 2 3 'MON' 'KWH' 'KWH' 1 1 2020 2 5 'WED'
 'KWH' 1 7121.473000000001 0 1 0 0 '8/9SD' 3 34 0]]


  Query  10
 ['COMM' 2020 2 14 'FRI' 15404.772 15404.772 15404.772 2020 2 14 'FRI'
  'KWH' 2020 2 13 'THU' 'KWH' 'KWH' 1 1 2020 2 15 'SAT' 'KWH' 5 15404.772
  0 1 0 0 '2SD' 11 25 0]]

  Neighbours 10

  [['COMM' 2020 2 14 'FRI' 11161.278 11161.278 11161.278 2020 2 14 'FRI'
    'KWH' 2020 2 13 'THU' 'KWH' 'KWH' 1 1 2020 2 15 'SAT' 'KWH' 5
    11161.278 0 1 0 0 '2SD' 8 46 0]
   ['COMM' 2020 2 14 'FRI' 10255.198 10249.052 10243.431 2020 2 14 'FRI'
    'KWH' 2020 2 13 'THU' 'KWH' 'KWH' 1 1 2020 2 15 'SAT' 'KWH' 5
    10255.198 0 1 0 0 '2SD' 8 42 0]
   ['COMM' 2020 2 14 'FRI' 3767.846 3767.456 3767.159 2020 2 14 'FRI'
    'KWH' 2020 2 13 'THU' 'KWH' 'KWH' 1 1 2020 2 15 'SAT' 'KWH' 5
    3767.846 0 1 0 0 '2SD' 8 51 0]
   ['COMM' 2020 2 14 'FRI' 3480.751 3480.751 3480.751 2020 2 14 'FRI'
    'KWH' 2020 2 13 'THU' 'KWH' 'KWH' 1 1 2020 2 15 'SAT' 'KWH' 5
    3480.751 0 1 0 0 '2SD' 7 18 0]
   ['COMM' 2020 2 14 'FRI' 811.8439999999998 811.695 811.695 2020 2 14
    'FRI' 'KWH' 2020 2 13 'THU' 'KWH' 'KWH' 1 1 2020 2 15 'SAT' 'KWH' 5
    811.8439999999998 0 1 0 0 '2SD' 7 53 0]]]
